object={
	name="env_coast_foam_l"
	clamp_to_water_level=yes
	render_under_water=yes
	generated_content=no
	layer="coast_foam_layer"
	entity="env_coast_foam_l"
	count=1
	transform="3771.622070 0.000000 1965.495361 0.000000 0.270366 0.000000 0.962758 0.494391 0.494391 0.494391
"}
object={
	name="env_coast_foam_m"
	clamp_to_water_level=yes
	render_under_water=yes
	generated_content=no
	layer="coast_foam_layer"
	entity="env_coast_foam_m"
	count=2
	transform="3832.404785 0.000000 1975.563965 0.000000 -0.184064 0.000000 0.982914 1.000000 1.000000 1.000000
3754.610840 0.000000 1837.934814 0.000000 0.847032 0.000000 0.531542 1.000000 1.000000 1.000000
"}
object={
	name="env_coast_foam_s"
	clamp_to_water_level=yes
	render_under_water=yes
	generated_content=no
	layer="coast_foam_layer"
	entity="env_coast_foam_s"
	count=6
	transform="3795.593750 0.000000 1951.556519 0.000000 0.026974 0.000000 0.999636 1.000000 1.000000 1.000000
3817.138428 0.000000 1964.621704 0.000000 0.068580 0.000000 0.997646 0.680060 0.680060 0.680060
3760.849121 0.000000 1966.258667 0.000000 -0.135447 0.000000 0.990785 0.643039 0.643039 0.643039
3744.734619 0.000000 1810.657837 0.000000 -0.049114 0.000000 0.998793 0.645433 0.645433 0.645433
3738.123291 0.000000 1816.951660 0.000000 -0.855750 0.000000 -0.517389 0.653723 0.653723 0.653723
3759.276123 0.000000 1816.831787 0.000000 -0.060662 0.000000 0.998158 1.000000 1.000000 1.000000
"}
